1,-1,224,118,45.9,168.2,1
1,-1,111,536,74.7,267.1,1
1,-1,709,-3,51.5,156.8,1
1,-1,1039,133,77.4,180.4,1
1,-1,797,146,60.2,179.9,1
1,-1,1797,205,65.8,191.2,1
1,-1,1636,252,65.9,205.4,1
1,-1,418,97,52.6,161.3,1
1,-1,370,406,77.8,242.6,1
1,-1,631,762,104.1,252.3,1
1,-1,1485,62,56.6,155.8,1
1,-1,1360,562,99.5,255.7,1
1,-1,1104,206,68.4,189.9,1
1,-1,1725,459,82.6,210.2,1
1,-1,287,133,51.6,156.5,0.999
1,-1,331,88,49,173.7,0.999
1,-1,265,89,57.8,179.6,0.999
1,-1,354,103,57.3,182,0.999
1,-1,1559,258,56.3,182.2,0.998
1,-1,1199,34,63,111,0.998
1,-1,498,137,62.4,170.7,0.998
1,-1,256,377,64.2,211.9,0.998
1,-1,1419,200,52.3,170.2,0.998
1,-1,1446,248,54.4,172.1,0.998
1,-1,485,36,51.1,157.6,0.998
1,-1,218,395,71.8,202.3,0.997
1,-1,459,83,56.7,168.1,0.997
1,-1,544,57,38.2,166.4,0.996
1,-1,1213,-18,66.3,150.1,0.994
1,-1,880,128,52.7,173.9,0.994
1,-1,915,124,54.7,160.6,0.99
1,-1,532,145,70.7,181,0.984
1,-1,549,-48,39.5,134.9,0.972
1,-1,997,-46,46.4,130.9,0.933
1,-1,1034,-38,53,118.9,0.919
1,-1,240,83,49,180.4,0.73
21,-1,1816,230,68.3,191.2,1
21,-1,251,94,56.9,193.9,1
21,-1,794,145,58.7,179.9,1
21,-1,1018,202,71.9,183.4,1
21,-1,283,123,53.4,170.6,1
21,-1,1214,-14,65.2,147.2,1
21,-1,706,-5,50.3,163.5,1
21,-1,630,767,103.9,247.2,1
21,-1,382,389,77.2,234.8,1
21,-1,1360,562,99,253.9,1
21,-1,1727,460,79.7,199.7,1
21,-1,202,369,70.4,207.4,1
21,-1,1604,243,61.5,183.2,1
21,-1,214,122,49.7,175.9,1
21,-1,97,560,92,229.7,1
21,-1,1489,64,57.2,156.6,1
21,-1,1382,194,52.5,181.4,0.999
21,-1,357,104,51.9,180.9,0.999
21,-1,484,33,56.4,167.3,0.999
21,-1,490,146,67.2,184.1,0.998
21,-1,877,134,57.3,186.1,0.998
21,-1,412,77,60.6,174.5,0.997
21,-1,1416,233,56.8,176.1,0.997
21,-1,458,60,52,166.8,0.995
21,-1,913,157,51.6,158.2,0.994
21,-1,543,63,39.7,154,0.992
21,-1,335,78,45.9,181.5,0.986
21,-1,553,-43,40.6,132.3,0.98
21,-1,1539,238,62,189.8,0.971
21,-1,514,154,84.1,188.5,0.891
21,-1,-8,840,60.5,241.8,0.87
41,-1,702,-4,55.1,157.3,1
41,-1,391,363,82.7,233.2,1
41,-1,247,87,56.2,189.2,1
41,-1,483,35,49.4,158.4,1
41,-1,3,804,66.7,236.5,1
41,-1,103,539,82.8,251.2,1
41,-1,356,107,51.8,171.7,1
41,-1,630,764,105.4,251,1
41,-1,211,134,46.8,160.9,1
41,-1,1488,76,52.6,146.5,1
41,-1,859,155,65.8,182.4,1
41,-1,1364,561,94.8,250,1
41,-1,1722,455,81.6,205.8,1
41,-1,800,148,55.9,170.9,1
41,-1,286,125,49,164.9,1
41,-1,185,357,64.9,207.7,0.999
41,-1,486,172,78.5,189,0.999
41,-1,1572,237,56.1,181.6,0.999
41,-1,1015,157,70.9,182.9,0.999
41,-1,1837,261,72.3,187.1,0.999
41,-1,1389,218,53.7,180.3,0.999
41,-1,1491,219,59.6,198.4,0.999
41,-1,543,65,42.5,160.2,0.999
41,-1,400,79,54.8,162.4,0.999
41,-1,451,44,48,165.7,0.999
41,-1,1206,20,74.6,113.8,0.999
41,-1,911,196,96.4,182.6,0.998
41,-1,1341,181,54.1,179.3,0.993
41,-1,549,-42,37.3,134.5,0.948
61,-1,343,86,51.6,182.3,1
61,-1,544,63,44.5,160.4,1
61,-1,484,183,86.4,197.2,1
61,-1,796,151,60.7,177.8,1
61,-1,258,91,52.3,180,1
61,-1,12,757,71.9,231.3,1
61,-1,1208,25,67.7,101.8,1
61,-1,438,35,48,149.8,1
61,-1,633,763,100.7,243.8,1
61,-1,102,540,87.4,251.7,1
61,-1,283,120,52.7,183.5,1
61,-1,1459,211,73.6,200.7,1
61,-1,401,337,84.8,248.3,1
61,-1,151,351,60.6,206.4,1
61,-1,1492,73,53.5,147.1,1
61,-1,1364,570,99.7,233.9,1
61,-1,701,-5,58.1,158.3,1
61,-1,1714,457,82.5,210.8,1
61,-1,484,44,54.1,162.5,1
61,-1,448,109,46.6,150.2,0.999
61,-1,382,37,54.8,165.9,0.999
61,-1,211,137,46.1,150.7,0.999
61,-1,894,178,54.7,173.7,0.998
61,-1,1301,179,53.9,165.6,0.997
61,-1,1001,180,71.9,181.5,0.997
61,-1,837,196,68.6,179.5,0.994
61,-1,1362,217,43.4,159.6,0.994
61,-1,550,-44,36.6,133.3,0.965
61,-1,1544,233,52.5,175.9,0.938
61,-1,1884,296,41.1,185.8,0.935
81,-1,760,189,55.3,177.8,1
81,-1,480,118,54.2,157.8,1
81,-1,431,16,55.9,162.8,1
81,-1,793,147,64.6,172.8,1
81,-1,987,185,67.7,183.1,1
81,-1,133,329,61.5,194.4,1
81,-1,1717,461,87.8,207.1,1
81,-1,213,123,42.6,167.2,1
81,-1,1425,198,64,190.3,1
81,-1,698,-4,52.9,164,1
81,-1,293,130,50.5,164.1,1
81,-1,1490,72,52.7,142.8,1
81,-1,102,538,87.3,252.7,1
81,-1,629,741,99.6,254.6,1
81,-1,264,93,47.7,166.3,1
81,-1,413,328,83.1,237.5,1
81,-1,1364,576,96.7,226.4,1
81,-1,483,37,57.8,163.2,1
81,-1,22,716,65.2,235.5,1
81,-1,495,203,73.9,197.5,1
81,-1,1217,30,55.5,104.2,0.999
81,-1,354,105,54.6,174.3,0.999
81,-1,834,184,62.2,179.1,0.999
81,-1,540,60,47.5,172.7,0.999
81,-1,1487,210,53,170.1,0.999
81,-1,878,193,58.1,169.5,0.999
81,-1,1241,172,65.3,159.4,0.999
81,-1,548,-37,40.2,123.4,0.995
81,-1,376,29,49.5,158.1,0.995
81,-1,1332,195,38.4,172,0.993
81,-1,393,885,93.8,263.1,0.977
81,-1,329,84,47.6,172.8,0.522
101,-1,510,234,66.4,189.5,1
101,-1,30,688,66.2,233.4,1
101,-1,1445,190,51.6,172.4,1
101,-1,122,318,48.2,209.2,1
101,-1,102,546,81.7,261.2,1
101,-1,1210,32,67.7,98.8,1
101,-1,422,300,83.3,230.5,1
101,-1,709,-4,50.2,162.7,1
101,-1,260,88,56.8,185,1
101,-1,476,145,62.2,165.2,1
101,-1,296,122,50.7,170.8,1
101,-1,400,842,101,252.4,1
101,-1,1724,458,70.2,203,1
101,-1,353,99,50.3,176.8,1
101,-1,626,765,109.6,253.9,1
101,-1,437,3,53.2,160.2,1
101,-1,1357,576,100.8,242.6,1
101,-1,483,34,62.4,159.7,1
101,-1,1492,71,53.2,145.3,1
101,-1,953,198,72.4,183.3,0.999
101,-1,208,127,54.7,164.7,0.999
101,-1,1396,189,61.7,194,0.999
101,-1,1174,156,80,172,0.999
101,-1,703,189,57.5,175.8,0.999
101,-1,792,144,64.3,178.1,0.999
101,-1,538,62,47.9,172.8,0.999
101,-1,853,220,56.8,163.9,0.996
101,-1,382,5,48.9,163.8,0.996
101,-1,1276,204,42.9,163,0.994
101,-1,546,-39,40.4,126.3,0.992
101,-1,813,194,62.2,184.2,0.988
121,-1,837,233,54.4,177.5,1
121,-1,393,782,99.3,278,1
121,-1,354,99,51,174.5,1
121,-1,423,282,81.8,229.7,1
121,-1,209,116,56.8,179.3,1
121,-1,1488,74,52.2,146.4,1
121,-1,709,-4,52.1,170.4,1
121,-1,626,768,107.3,252.2,1
121,-1,927,214,60.5,190.6,1
121,-1,113,336,56.5,200.3,1
121,-1,1362,571,100.8,229.6,1
121,-1,1713,454,86.4,214.8,1
121,-1,447,-3,53.8,143.5,1
121,-1,480,166,56,163.7,1
121,-1,1211,30,63.6,98.5,1
121,-1,97,549,87.5,242.1,0.999
121,-1,257,95,59,167.7,0.999
121,-1,523,244,71.4,203.7,0.999
121,-1,481,39,58.6,160.4,0.999
121,-1,785,206,62.8,196.9,0.998
121,-1,287,121,51.1,169.3,0.998
121,-1,1384,189,51.5,163.2,0.997
121,-1,1114,150,74.8,173.4,0.997
121,-1,1233,177,42,162.8,0.997
121,-1,378,-16,48.7,156.5,0.996
121,-1,539,68,48.7,168.9,0.995
121,-1,1347,189,51.8,170.2,0.981
121,-1,683,182,41.6,150.7,0.977
121,-1,82,646,64.1,232.4,0.959
121,-1,62,328,74.7,177.2,0.736
121,-1,1103,925,85.8,268.2,0.652
121,-1,546,-45,46.7,138.9,0.635
141,-1,1048,137,77.6,166.4,1
141,-1,1364,571,98.2,240.7,1
141,-1,481,184,57.1,176.1,1
141,-1,629,758,102.2,259,1
141,-1,419,264,80.1,228.2,1
141,-1,285,119,54.9,182.1,1
141,-1,114,340,55.6,192.7,1
141,-1,1723,461,79.1,207.5,1
141,-1,259,89,49.7,184.5,1
141,-1,1489,68,55.2,148.7,1
141,-1,542,67,47.8,155.9,1
141,-1,98,545,79.8,238.2,1
141,-1,352,103,49,168.3,1
141,-1,706,-4,52.9,168.6,1
141,-1,881,204,67.3,194.4,1
141,-1,391,734,98.2,274.7,1
141,-1,219,120,53.2,171,1
141,-1,1212,33,62,93,1
141,-1,794,147,63.3,177,0.999
141,-1,1190,170,51.2,163.1,0.999
141,-1,530,260,64,201.9,0.999
141,-1,582,251,56.1,194.6,0.999
141,-1,816,246,59.6,181.4,0.999
141,-1,468,43,55.1,156,0.998
141,-1,373,-12,58.2,153.3,0.998
141,-1,615,183,60.8,148.1,0.995
141,-1,770,239,56.7,173.3,0.995
141,-1,449,-18,51.3,145.9,0.994
141,-1,151,637,74.5,217.8,0.99
141,-1,551,-43,45.6,134.9,0.987
141,-1,1318,174,51.2,169.3,0.982
141,-1,79,325,67.1,183,0.414
161,-1,119,334,52.8,189.9,1
161,-1,756,258,65.5,187.3,1
161,-1,528,280,58.1,205.5,1
161,-1,852,187,73.9,206.7,1
161,-1,108,557,78.8,237.6,1
161,-1,286,122,52.2,172.9,1
161,-1,350,95,52.3,179,1
161,-1,500,218,52.3,163.7,1
161,-1,212,602,65.5,212.2,1
161,-1,1488,70,56.6,150.5,1
161,-1,255,94,57.8,190,1
161,-1,705,-4,54,169.5,1
161,-1,638,763,78.3,244.9,1
161,-1,1358,572,99.8,238.6,1
161,-1,206,124,55.8,170.6,1
161,-1,406,687,96.9,275.1,1
161,-1,1720,465,82,203.7,1
161,-1,1133,150,54.7,169.5,1
161,-1,1210,30,65.1,95.9,1
161,-1,416,248,83.5,221.2,1
161,-1,1295,160,57.6,180.2,0.999
161,-1,542,68,45.5,162.3,0.999
161,-1,800,265,61.7,183.6,0.999
161,-1,563,162,79.8,167.9,0.999
161,-1,1256,173,52.7,174,0.999
161,-1,984,132,77,175.5,0.999
161,-1,794,142,64.8,186.8,0.998
161,-1,594,273,62.4,180.6,0.996
161,-1,437,44,58,156.2,0.996
161,-1,456,-29,48.9,146.6,0.987
161,-1,391,-39,43.2,160.1,0.985
161,-1,549,-46,43.4,133,0.979
161,-1,1517,-58,54.3,142.4,0.897
161,-1,358,-43,41.8,132.5,0.877
161,-1,96,318,44.2,214.6,0.64
161,-1,1029,902,75.5,275,0.507
181,-1,632,762,95.1,253.9,1
181,-1,415,45,52.8,156.3,1
181,-1,99,551,83.8,245,1
181,-1,792,151,60.2,166.7,1
181,-1,404,648,90.1,264.6,1
181,-1,1719,462,80.9,207.3,1
181,-1,114,327,52.8,195.9,1
181,-1,288,123,48.7,170,1
181,-1,211,121,56.1,170,1
181,-1,745,270,69,196.2,1
181,-1,527,294,61.6,210,1
181,-1,799,284,63.6,193.6,1
181,-1,1364,575,95.3,221.4,1
181,-1,705,-3,48.6,170.2,1
181,-1,869,173,72.6,191.2,1
181,-1,1209,38,69.3,89.9,1
181,-1,254,91,59.2,198.6,1
181,-1,416,226,83.6,215.6,1
181,-1,1486,67,58.3,156.1,1
181,-1,611,297,53.1,182.6,0.999
181,-1,540,142,65.6,185.7,0.999
181,-1,356,105,56.4,182.8,0.999
181,-1,243,560,53.1,223.5,0.999
181,-1,345,-49,51.1,156.8,0.998
181,-1,1094,150,52.6,157.9,0.998
181,-1,455,-42,49.3,144.7,0.997
181,-1,5,615,110.2,241.7,0.997
181,-1,1209,148,57.5,186.9,0.996
181,-1,512,230,58.5,170,0.996
181,-1,938,117,64.8,177.3,0.995
181,-1,1255,162,45.3,155.5,0.994
181,-1,533,62,59.3,166.6,0.987
181,-1,1526,-37,48.1,134.7,0.985
181,-1,333,84,45.9,180,0.983
181,-1,546,-39,45.2,129.6,0.721
181,-1,82,320,49.3,207.8,0.597
181,-1,996,908,65.7,276.2,0.574
181,-1,400,-65,44.7,170.3,0.53
201,-1,518,134,64.9,169.2,1
201,-1,1715,462,79.6,205.4,1
201,-1,121,324,50.3,202.6,1
201,-1,709,3,45.3,154.9,1
201,-1,347,101,55.6,182.3,1
201,-1,1492,72,54.6,147.5,1
201,-1,1160,143,60.9,183.7,1
201,-1,793,145,63.7,182.8,1
201,-1,1346,559,114.2,268.1,1
201,-1,214,127,47.8,159.1,1
201,-1,890,158,70.2,185.1,1
201,-1,286,121,56.3,171.5,1
201,-1,519,312,65.7,218.4,1
201,-1,235,551,60,203.3,1
201,-1,626,755,103.6,256.8,1
201,-1,390,608,101.5,243.1,1
201,-1,1209,32,64,97.9,1
201,-1,259,92,50.3,183.5,1
201,-1,420,213,76.8,207,1
201,-1,599,312,63.8,197.2,0.999
201,-1,752,295,68.3,198,0.999
201,-1,394,47,60.5,158.8,0.999
201,-1,1045,144,45.5,148.2,0.999
201,-1,539,65,48,145.2,0.998
201,-1,1217,146,52.3,164.2,0.998
201,-1,803,317,67.6,179,0.998
201,-1,91,542,78.6,265.1,0.996
201,-1,342,-27,49,147.3,0.995
201,-1,70,651,90.3,245.6,0.994
201,-1,1541,-28,60.5,138.3,0.991
201,-1,551,-47,37.7,137.7,0.99
201,-1,551,243,47.6,160.7,0.978
201,-1,461,-70,53.8,157.9,0.822
201,-1,965,913,82.5,278.7,0.66
201,-1,91,321,64.2,221.4,0.621
201,-1,404,-58,44.9,147.5,0.483
221,-1,766,314,71.7,203.6,1
221,-1,630,761,100.6,256.8,1
221,-1,582,279,50.3,158.1,1
221,-1,395,565,93.6,257.7,1
221,-1,215,131,46.1,153.9,1
221,-1,703,-2,50.3,162.5,1
221,-1,111,355,51.7,181.1,1
221,-1,897,146,83.4,177.6,1
221,-1,516,118,55.6,188,1
221,-1,595,345,62.8,198.6,1
221,-1,286,125,56.8,170.8,1
221,-1,1353,558,111.8,256.9,1
221,-1,1116,132,58.5,183.6,1
221,-1,792,150,55.2,177.8,1
221,-1,544,69,43.3,162.3,1
221,-1,1191,130,49.3,166.4,1
221,-1,1720,456,82.4,208.5,1
221,-1,505,339,75.7,210.1,1
221,-1,1492,68,57.5,146.8,1
221,-1,431,194,74.4,209.7,1
221,-1,218,504,59,205.5,1
221,-1,44,635,119.8,234.8,0.999
221,-1,122,683,105.9,239.4,0.999
221,-1,253,100,50.5,181.1,0.999
221,-1,358,111,51.6,165.7,0.999
221,-1,101,541,77.6,234.7,0.999
221,-1,1563,-14,60.9,149.3,0.999
221,-1,826,324,65.6,197.2,0.999
221,-1,367,39,53.1,172.5,0.998
221,-1,326,87,55.4,167.4,0.996
221,-1,343,-18,48.5,152,0.996
221,-1,985,133,44.7,152.2,0.995
221,-1,1212,30,63.6,108,0.994
221,-1,814,105,78.1,174.5,0.994
221,-1,550,-49,42.4,143.5,0.989
221,-1,936,908,72.5,264.8,0.848
241,-1,705,0,49.3,159.2,1
241,-1,1725,461,77.3,202.7,1
241,-1,544,68,44.6,168.7,1
241,-1,792,336,62.6,195.4,1
241,-1,792,151,61.7,172.4,1
241,-1,589,364,64.3,196.1,1
241,-1,512,123,53,177.4,1
241,-1,385,522,88.5,242.9,1
241,-1,215,470,62.7,205.4,1
241,-1,629,759,104,250.6,1
241,-1,451,184,72.1,201.8,1
241,-1,353,98,56.1,186.3,1
241,-1,285,128,54.5,174.4,1
241,-1,252,106,55.2,172.8,1
241,-1,110,345,50.7,195.5,1
241,-1,926,128,70.6,176.5,1
241,-1,501,366,66.2,217,1
241,-1,1596,1,53.3,146.5,1
241,-1,1365,558,97.6,236.9,1
241,-1,1216,32,59,98.1,1
241,-1,210,123,53.8,173.6,1
241,-1,1086,121,62.5,183.7,1
241,-1,1482,62,55.6,152.3,1
241,-1,1161,121,64.3,165.7,0.999
241,-1,111,564,86.8,251.5,0.999
241,-1,190,709,85.3,248.9,0.999
241,-1,353,-3,64.1,146.1,0.999
241,-1,59,319,89.2,203.8,0.999
241,-1,843,349,71.1,181.9,0.999
241,-1,133,650,105.2,241.7,0.998
241,-1,546,-44,42,136.8,0.993
241,-1,773,97,48.4,163.5,0.844
241,-1,937,903,64.3,283.5,0.734
261,-1,459,155,72.6,203.1,1
261,-1,799,355,83.6,211,1
261,-1,1724,454,79.9,217.6,1
261,-1,1410,569,86.6,238.9,1
261,-1,510,129,50.8,166.5,1
261,-1,487,375,74.5,224.6,1
261,-1,537,66,52,168.9,1
261,-1,293,128,50.6,174.2,1
261,-1,107,357,50.8,181.2,1
261,-1,882,110,45.7,155.4,1
261,-1,1476,45,52.6,143.3,1
261,-1,389,504,78.1,233.7,1
261,-1,873,366,67.4,186.1,1
261,-1,637,762,79.5,253.1,1
261,-1,794,157,55.9,163.3,1
261,-1,574,387,65.4,210,1
261,-1,708,-5,52.2,174.3,1
261,-1,937,104,67.7,175.2,1
261,-1,1214,30,59.1,97.6,1
261,-1,230,460,53.9,187.2,1
261,-1,1130,93,59.7,166.9,1
261,-1,369,4,63.3,166.5,0.999
261,-1,1629,13,58.6,150.2,0.999
261,-1,1058,113,59.1,183.8,0.999
261,-1,243,106,52.2,168,0.999
261,-1,352,108,47.7,175.6,0.999
261,-1,150,563,91,257.8,0.999
261,-1,760,95,50.3,175.6,0.999
261,-1,686,309,60,184.6,0.999
261,-1,225,683,82.5,239.7,0.998
261,-1,547,-40,39.9,131.4,0.998
261,-1,63,326,83.1,199.9,0.998
261,-1,212,126,47.1,158.3,0.998
261,-1,245,760,85.8,264.8,0.998
261,-1,268,98,60,165.6,0.993
261,-1,332,67,51.1,149.9,0.989
261,-1,1848,574,79.1,261.8,0.921
261,-1,939,920,84.9,263.8,0.852
281,-1,1472,36,52.9,150.1,1
281,-1,461,392,71.8,235.8,1
281,-1,232,417,57,198.3,1
281,-1,640,753,70.1,258.1,1
281,-1,391,457,78.4,237.7,1
281,-1,111,352,50.1,181.6,1
281,-1,521,116,47.9,165.1,1
281,-1,791,158,57.4,167.4,1
281,-1,199,589,86.5,249.3,1
281,-1,342,92,52.8,179.1,1
281,-1,463,145,70.9,200.4,1
281,-1,1102,95,52.2,162.3,1
281,-1,708,-1,49.8,156.6,1
281,-1,400,23,55.4,151.8,1
281,-1,60,315,78,211.4,1
281,-1,555,420,63,205.2,1
281,-1,1024,95,66.6,188,1
281,-1,883,388,76.3,198.1,1
281,-1,810,382,80,206.2,1
281,-1,1720,457,80.8,207.2,1
281,-1,751,343,55.2,186,1
281,-1,1442,583,95.8,260.3,1
281,-1,290,125,53.6,170.3,1
281,-1,1207,35,64.9,93,1
281,-1,940,80,64,180.6,1
281,-1,748,101,49.9,162.9,0.999
281,-1,540,64,49.2,173.2,0.999
281,-1,848,109,45.5,155.2,0.999
281,-1,1653,30,58,148.4,0.999
281,-1,316,54,52.7,162,0.999
281,-1,245,106,52.5,171.9,0.998
281,-1,279,803,89.8,271.8,0.998
281,-1,218,134,53.6,157.9,0.997
281,-1,264,79,63,194.2,0.995
281,-1,547,-43,44.1,136.9,0.982
281,-1,1853,582,74.8,227.9,0.981
281,-1,944,920,87.5,263.7,0.642
301,-1,1481,594,90.5,236,1
301,-1,1461,25,47.7,135.5,1
301,-1,701,-3,52.7,170.1,1
301,-1,1722,456,79.2,210.2,1
301,-1,891,410,74.3,208.6,1
301,-1,212,127,54.9,166.2,1
301,-1,410,35,54.9,156.9,1
301,-1,248,102,47.3,172.8,1
301,-1,1079,85,48,157.8,1
301,-1,793,147,55.8,174.9,1
301,-1,64,326,78.3,205.9,1
301,-1,257,582,103.5,241.6,1
301,-1,1211,33,59.3,106.3,1
301,-1,452,412,74.7,244.3,1
301,-1,466,142,60.6,190.9,1
301,-1,936,55,63.1,184.8,1
301,-1,353,107,47.7,174.4,1
301,-1,277,123,58.6,174.7,1
301,-1,379,416,89.8,243.2,1
301,-1,537,449,61.2,205.7,1
301,-1,1009,81,58.9,185.2,1
301,-1,831,398,80.3,213,0.999
301,-1,637,762,69.9,243.4,0.999
301,-1,741,105,50.4,165.3,0.999
301,-1,1682,34,59.6,169.3,0.999
301,-1,536,61,50.3,180.5,0.999
301,-1,235,394,57.4,189.2,0.999
301,-1,513,101,51.3,182.6,0.998
301,-1,1860,546,58.7,213,0.998
301,-1,315,56,52.6,151.2,0.998
301,-1,303,858,101.6,270.5,0.998
301,-1,823,102,45.1,149.5,0.994
301,-1,550,-44,38,140.1,0.991
301,-1,352,783,81.8,311,0.968
301,-1,934,920,72.4,255.2,0.681
321,-1,837,426,84.8,221.6,1
321,-1,1456,-0,56.7,155.7,1
321,-1,710,1,49.5,157.6,1
321,-1,990,80,59.3,173.7,1
321,-1,457,119,67.9,195.8,1
321,-1,326,583,124.1,255.7,1
321,-1,274,98,49.9,156.3,1
321,-1,511,457,69.5,231.6,1
321,-1,400,392,85.8,193.3,1
321,-1,237,370,57.3,193.6,1
321,-1,730,97,48.1,171.3,1
321,-1,111,348,46.2,188.4,1
321,-1,215,123,46.6,170.4,1
321,-1,926,38,60,172.5,1
321,-1,365,101,54,175.6,1
321,-1,421,50,52.4,167.9,1
321,-1,1047,73,50.2,164.3,1
321,-1,57,318,88.8,214.6,1
321,-1,1722,461,74.6,209.6,1
321,-1,1207,36,68.7,99.6,1
321,-1,427,458,75.3,244.1,0.999
321,-1,637,753,78.4,253,0.999
321,-1,317,47,57.8,173.4,0.999
321,-1,547,59,42.5,170,0.999
321,-1,1509,594,98.6,245.1,0.999
321,-1,901,380,64.8,179.1,0.999
321,-1,1839,528,66.4,220.1,0.999
321,-1,795,147,63.8,175.1,0.998
321,-1,887,442,73.8,202.5,0.998
321,-1,1706,46,54.3,170,0.997
321,-1,550,-43,43.6,137.4,0.991
321,-1,516,103,41.1,159.2,0.985
321,-1,386,815,99.2,267.9,0.983
321,-1,1567,-39,62.4,142,0.969
321,-1,929,908,81.7,281.5,0.838
341,-1,217,130,50.2,170,1
341,-1,98,339,55.9,200.7,1
341,-1,1830,494,66.3,205.1,1
341,-1,798,149,58.8,175.1,1
341,-1,931,17,59,166.7,1
341,-1,972,400,68,193.2,1
341,-1,1733,75,49,150.4,1
341,-1,256,82,54.8,172,1
341,-1,1728,465,68.2,197.3,1
341,-1,363,99,51.6,164.4,1
341,-1,281,136,61.1,172.2,1
341,-1,973,55,67.5,188.2,1
341,-1,1031,67,56.9,173.7,1
341,-1,231,341,54.8,186.4,1
341,-1,840,452,81.7,217.8,1
341,-1,1204,35,68.9,94.4,1
341,-1,715,2,46.6,156,0.999
341,-1,419,590,107.8,240.5,0.999
341,-1,1446,-8,58.1,131.4,0.999
341,-1,630,757,90,256.9,0.999
341,-1,712,98,58.7,176.7,0.999
341,-1,449,111,71.4,191.5,0.999
341,-1,1595,-20,58.3,149.8,0.999
341,-1,322,49,57.7,165.5,0.999
341,-1,1545,620,86.3,238.5,0.999
341,-1,497,500,69.1,218.3,0.999
341,-1,403,483,86.4,248.7,0.999
341,-1,895,457,78.4,210.8,0.998
341,-1,766,93,48.9,164.2,0.998
341,-1,545,58,42,177.2,0.998
341,-1,422,361,82.8,202.6,0.998
341,-1,422,60,50.9,161.7,0.998
341,-1,553,-41,39.9,133.9,0.993
341,-1,519,101,43.1,178.4,0.992
341,-1,453,874,92.3,256,0.965
341,-1,67,324,66.5,200.2,0.89
341,-1,845,-59,48.9,149.8,0.748
341,-1,941,927,83.9,247,0.691
341,-1,420,-50,44.8,123.6,0.687
341,-1,376,-62,45.7,133.5,0.439
361,-1,513,92,47.1,163.4,1
361,-1,213,128,55.3,164.6,1
361,-1,101,346,53.6,193.1,1
361,-1,843,458,90.5,236.3,1
361,-1,1031,430,65.8,188.1,1
361,-1,1719,454,79.9,211,1
361,-1,506,562,92.4,254.4,1
361,-1,958,45,62.6,176.1,1
361,-1,221,317,51.7,187.2,1
361,-1,333,55,58.7,168.8,1
361,-1,927,4,61.2,151.6,1
361,-1,799,160,58.9,168.4,1
361,-1,1210,35,67.3,93.6,1
361,-1,69,329,66.9,193.5,1
361,-1,439,84,68.8,188.3,1
361,-1,916,486,72.4,203.7,1
361,-1,1571,638,91.8,239.4,1
361,-1,374,516,87.8,231.4,1
361,-1,1024,51,57.4,172.2,1
361,-1,286,120,61.6,186.6,1
361,-1,468,531,73.5,230.1,1
361,-1,1434,-31,46.5,135.1,1
361,-1,1813,472,70,214.5,1
361,-1,255,85,54.3,173.5,1
361,-1,367,104,53.4,172.2,1
361,-1,428,323,89.4,232.4,1
361,-1,540,60,51.5,173.6,0.999
361,-1,1752,89,63.5,161.1,0.999
361,-1,707,97,55.5,171.7,0.999
361,-1,640,762,68.7,248.8,0.999
361,-1,1849,62,58.3,165.8,0.998
361,-1,706,6,50.8,155.5,0.998
361,-1,1620,2,71.4,164.1,0.998
361,-1,552,-43,41.3,132,0.997
361,-1,765,94,39.5,148.2,0.995
361,-1,837,-48,52.3,144.4,0.992
361,-1,378,-53,43.3,135.2,0.962
361,-1,956,920,83,271.3,0.671
361,-1,423,-60,47.9,150.3,0.5
381,-1,283,124,55.9,176.3,1
381,-1,262,84,53.7,163.5,1
381,-1,1098,460,67.1,194.8,1
381,-1,1793,446,62.5,196.6,1
381,-1,1014,48,54,165,1
381,-1,1714,456,84.3,212.3,1
381,-1,1209,33,62.5,96.1,1
381,-1,357,102,56.8,184.4,1
381,-1,211,297,53.8,188.5,1
381,-1,923,-10,54.2,143.6,1
381,-1,210,131,53.7,157.1,1
381,-1,323,59,56.5,167.7,1
381,-1,953,28,64.8,187.4,1
381,-1,1642,26,65.8,158.3,1
381,-1,112,333,53.2,208.8,1
381,-1,337,527,90.3,269.7,1
381,-1,452,562,65.2,241.3,1
381,-1,789,146,58.1,172.8,1
381,-1,454,306,74.1,196.9,1
381,-1,508,80,50.6,165.8,0.999
381,-1,847,481,97.8,234.7,0.999
381,-1,1599,642,69.3,234.8,0.999
381,-1,699,-2,49.5,159,0.999
381,-1,445,77,68,188.2,0.999
381,-1,914,505,65.3,210,0.999
381,-1,67,323,75.9,196.9,0.999
381,-1,638,757,66.7,243.9,0.999
381,-1,548,-41,39.7,127.6,0.998
381,-1,595,558,94.3,259.1,0.998
381,-1,542,57,49,176.1,0.998
381,-1,1777,99,59.5,160.7,0.997
381,-1,752,100,49.4,138.8,0.996
381,-1,824,-47,55.6,158.2,0.995
381,-1,708,96,52.3,157.2,0.994
381,-1,1801,69,59.1,159.9,0.986
381,-1,384,-37,48.7,134.3,0.973
381,-1,1431,-41,55.1,132,0.97
381,-1,232,103,55.1,184.8,0.966
381,-1,426,-46,45.6,130.9,0.815
381,-1,975,906,83.4,278.1,0.726
401,-1,305,561,84.6,247.7,1
401,-1,1206,33,65.9,99.9,1
401,-1,66,323,72.3,197,1
401,-1,850,532,98.8,229.3,1
401,-1,111,343,53.5,195.5,1
401,-1,1171,476,74.5,198.1,1
401,-1,347,98,50.2,180.4,1
401,-1,549,65,56.3,169.5,1
401,-1,1644,52,58,158.3,1
401,-1,221,137,63,166,1
401,-1,430,89,48,177.8,1
401,-1,799,146,56.4,174,1
401,-1,461,268,72.3,208,1
401,-1,950,16,64.8,178.6,1
401,-1,471,71,68.7,181.5,1
401,-1,1008,40,55.2,167.7,1
401,-1,260,80,58.2,177.2,1
401,-1,639,760,68,247.4,0.999
401,-1,1597,621,90.2,245.5,0.999
401,-1,287,122,51.8,178,0.999
401,-1,422,600,71.6,227.7,0.999
401,-1,203,275,50.6,175.7,0.999
401,-1,929,535,75.8,202.7,0.999
401,-1,671,578,79.1,226,0.998
401,-1,1779,64,67.7,179,0.998
401,-1,715,91,56.5,173.9,0.998
401,-1,1718,454,85.4,210.7,0.997
401,-1,321,48,55.1,183,0.996
401,-1,825,-42,56.7,170.2,0.992
401,-1,717,-12,54.6,142.9,0.984
401,-1,553,-40,39.7,127.8,0.977
401,-1,199,103,38.2,166.3,0.977
401,-1,748,109,54.4,129.8,0.965
401,-1,422,-34,50.6,135.9,0.963
401,-1,360,-32,67.4,139.5,0.954
401,-1,921,-40,55,163.9,0.905
401,-1,1449,-53,48.6,122.3,0.774
401,-1,980,915,80.1,262.4,0.445
421,-1,1717,457,79.4,204.4,1
421,-1,941,12,57.3,171.3,1
421,-1,1216,33,59.9,89,1
421,-1,392,627,75.6,229.2,1
421,-1,866,543,104.6,235.1,1
421,-1,452,252,76.2,207.2,1
421,-1,542,68,52.3,159.6,1
421,-1,273,85,58.1,161.7,1
421,-1,1580,622,90,239.1,1
421,-1,361,103,49.7,172.8,1
421,-1,1666,71,60.3,166.6,1
421,-1,726,561,78,238,1
421,-1,799,151,58.5,170.5,1
421,-1,285,606,89.1,251.4,1
421,-1,1007,29,51.3,160.5,1
421,-1,424,-19,43.8,145.4,0.999
421,-1,220,136,61.2,153,0.999
421,-1,111,353,45.9,183.9,0.999
421,-1,635,752,75.8,255.1,0.999
421,-1,459,62,69.9,191.5,0.999
421,-1,210,264,54.4,171,0.999
421,-1,940,572,79.2,205.6,0.999
421,-1,1244,504,83.1,203.8,0.998
421,-1,432,112,52.1,159.3,0.998
421,-1,85,316,55.5,200.2,0.997
421,-1,366,-15,54.5,143.1,0.997
421,-1,719,-27,47.1,151.7,0.996
421,-1,834,-37,55.3,169.5,0.995
421,-1,709,94,61,177.3,0.993
421,-1,319,60,62.5,158.9,0.992
421,-1,1817,75,67,176.3,0.992
421,-1,1762,115,66.5,185.4,0.99
421,-1,748,96,51.2,143.2,0.988
421,-1,549,-40,39.8,130.5,0.985
421,-1,908,-53,52.5,155.1,0.942
421,-1,246,99,59,167.1,0.941
421,-1,1881,435,43.5,205.8,0.914
421,-1,1522,-61,51.8,155.9,0.797
421,-1,986,933,83.7,245.4,0.537
441,-1,348,102,53.9,184.7,1
441,-1,763,560,85.2,256.2,1
441,-1,269,82,59,181,1
441,-1,273,649,101.4,257.5,1
441,-1,112,347,49.5,187.2,1
441,-1,1718,460,77.9,206.1,1
441,-1,363,653,76.2,255.1,1
441,-1,883,589,129,241.8,1
441,-1,451,52,60.8,191.1,1
441,-1,940,-5,60.5,172.7,1
441,-1,448,221,74,201.1,1
441,-1,788,142,58.6,175,1
441,-1,1013,9,52.3,159.6,1
441,-1,1209,34,70.1,90.9,1
441,-1,634,752,77.9,257.1,0.999
441,-1,1570,627,70.5,243.8,0.999
441,-1,229,242,57.7,180.5,0.999
441,-1,226,129,60.8,162.8,0.999
441,-1,1687,379,62,196.2,0.999
441,-1,321,61,58.6,155,0.999
441,-1,359,6,64.7,132.2,0.999
441,-1,1355,532,68.8,207.8,0.997
441,-1,432,128,57.1,181.8,0.997
441,-1,1693,92,72.5,189.5,0.997
441,-1,422,-10,39.9,143.3,0.996
441,-1,709,94,66.7,182.9,0.996
441,-1,87,317,49.4,206.4,0.995
441,-1,524,75,56.8,164,0.991
441,-1,1515,-50,51.8,146.9,0.991
441,-1,1853,402,76.8,197.6,0.99
441,-1,859,-28,41.9,162,0.985
441,-1,754,84,49.5,157.7,0.984
441,-1,728,-49,47.1,142.5,0.981
441,-1,1745,140,73.6,179.4,0.976
441,-1,209,95,40.9,178,0.962
441,-1,1775,74,59.6,166.1,0.922
441,-1,975,607,77.9,214.8,0.895
441,-1,551,-47,42.7,135.2,0.759
441,-1,501,60,47.6,154.1,0.503
441,-1,901,-54,50.2,139.3,0.404
461,-1,1541,591,80,264,1
461,-1,1656,357,63.1,200.8,1
461,-1,1011,-0,52.3,157.9,1
461,-1,800,145,52.5,176.3,1
461,-1,330,709,80,240.5,1
461,-1,820,580,84.7,259.9,1
461,-1,1713,453,84.6,213,1
461,-1,1823,377,84.9,207.2,1
461,-1,354,94,53.1,183.1,1
461,-1,1462,557,70.5,197.9,1
461,-1,450,198,63.3,199.9,1
461,-1,1212,30,64.1,94.8,1
461,-1,894,607,119.9,245.8,1
461,-1,290,127,49.9,162.4,1
461,-1,714,87,52.9,173.8,1
461,-1,245,673,104.6,275.1,1
461,-1,939,-10,53.5,157.8,1
461,-1,634,751,78.6,261.4,0.999
461,-1,325,56,60.8,166.4,0.999
461,-1,224,132,61.1,159.9,0.999
461,-1,119,347,53.2,184.5,0.999
461,-1,973,628,94.1,219.4,0.999
461,-1,522,74,50.3,159.4,0.999
461,-1,415,0,49.8,150.9,0.999
461,-1,439,42,69.9,205.6,0.998
461,-1,93,319,51.2,194.9,0.998
461,-1,362,15,57.6,137.7,0.998
461,-1,271,214,51.5,176.3,0.997
461,-1,260,92,54.5,173.3,0.997
461,-1,752,94,49.4,140.7,0.997
461,-1,1724,133,72.1,193.2,0.996
461,-1,208,97,38.2,183.8,0.995
461,-1,1685,41,71,193.8,0.994
461,-1,1507,-33,58.2,139.5,0.989
461,-1,553,-40,41.5,130.1,0.983
461,-1,424,134,59,170.8,0.961
461,-1,876,-34,54.9,172.3,0.959
461,-1,1024,919,82.3,265.2,0.809
481,-1,222,127,56.7,169.9,1
481,-1,135,340,58.7,193.1,1
481,-1,221,719,86.2,244,1
481,-1,801,138,53.3,178.9,1
481,-1,359,106,52,175.4,1
481,-1,801,597,79.8,246.8,1
481,-1,1500,-26,61.4,148.3,1
481,-1,1700,43,55.2,173.8,1
481,-1,1794,149,71,181.2,1
481,-1,710,91,54.6,156.1,1
481,-1,1728,182,61.8,164,1
481,-1,1648,41,58.7,174.8,1
481,-1,448,32,62,174.9,1
481,-1,1637,334,57.9,196.3,1
481,-1,450,173,65.9,192.8,1
481,-1,312,738,74,250.4,1
481,-1,1204,32,69.1,94.6,1
481,-1,1000,-8,46.9,147.9,1
481,-1,640,746,79.3,256.4,0.999
481,-1,293,197,56.4,176,0.999
481,-1,330,51,55.8,167.9,0.999
481,-1,410,5,45.5,161.5,0.999
481,-1,251,92,63.6,177.9,0.999
481,-1,1784,359,85.9,218.9,0.999
481,-1,905,645,134.6,240.2,0.999
481,-1,421,154,52.1,172.6,0.999
481,-1,89,323,49.5,197.4,0.999
481,-1,1547,594,86.2,249.1,0.998
481,-1,356,23,53.9,135.2,0.998
481,-1,509,96,58.2,164.3,0.997
481,-1,935,-22,53.5,164.7,0.997
481,-1,1708,463,91.8,202.3,0.996
481,-1,884,-35,49.3,174.3,0.991
481,-1,759,93,41.7,136.7,0.988
481,-1,283,124,59.6,169.7,0.936
481,-1,548,-41,42,131.3,0.702
481,-1,203,109,42.2,170.2,0.519
481,-1,1018,931,80.7,264.2,0.501
501,-1,637,757,67.2,254.7,1
501,-1,205,738,100.6,266.4,1
501,-1,1209,33,66.2,100.9,1
501,-1,283,114,59,183.7,1
501,-1,222,137,65.9,152.1,1
501,-1,469,151,62.7,193.2,1
501,-1,365,110,52.6,178.4,1
501,-1,1680,35,53,165.7,1
501,-1,822,613,81.9,246,1
501,-1,1655,605,73.8,209.6,1
501,-1,1721,460,71.7,203.8,1
501,-1,1624,319,65,199.7,1
501,-1,145,333,65.6,185.5,1
501,-1,1547,612,75.2,232.7,1
501,-1,1497,-11,54.6,143.4,1
501,-1,918,694,125.3,248.4,1
501,-1,1732,195,74.2,182.7,1
501,-1,401,168,61,184.9,1
501,-1,552,70,43.6,150.1,0.999
501,-1,797,139,57.7,181.9,0.999
501,-1,400,18,42.8,151.3,0.999
501,-1,294,768,73.1,253.3,0.999
501,-1,444,21,64.6,174.9,0.999
501,-1,1628,19,51,180,0.999
501,-1,314,185,52.1,168.3,0.999
501,-1,1013,697,96.6,233.7,0.999
501,-1,503,95,67.7,179.2,0.998
501,-1,714,80,59.9,184,0.998
501,-1,932,-38,50.4,172.1,0.998
501,-1,352,32,55.3,150.4,0.996
501,-1,1735,328,79.5,219.9,0.996
501,-1,998,-22,56.9,156.8,0.996
501,-1,310,54,50.4,164,0.994
501,-1,1829,194,74.6,172.9,0.993
501,-1,98,308,44.4,212.1,0.992
501,-1,754,85,55.3,147.4,0.991
501,-1,549,-42,42.9,131.4,0.988
501,-1,877,-33,51.4,155.8,0.988
501,-1,199,115,45.3,163.9,0.975
501,-1,256,81,52.3,189.8,0.861
501,-1,1026,926,79.4,274.5,0.545
521,-1,165,316,69.5,199.4,1
521,-1,938,706,135.2,282.3,1
521,-1,456,4,64.7,168.2,1
521,-1,1597,292,63,196.4,1
521,-1,1612,13,55.6,162.6,1
521,-1,271,821,84.1,254.2,1
521,-1,1568,604,64.6,242,1
521,-1,820,601,84.8,262.1,1
521,-1,285,121,57.5,162.6,1
521,-1,189,774,95.5,282.5,1
521,-1,1718,449,85,220.9,1
521,-1,1744,635,77.1,214.6,1
521,-1,1487,-2,57.2,144.2,1
521,-1,218,136,60.7,165.6,1
521,-1,390,182,62.1,192.6,1
521,-1,1672,18,58.7,163.6,1
521,-1,1211,29,62.8,97.7,1
521,-1,641,751,61.9,249.3,0.999
521,-1,1758,204,62.2,178.4,0.999
521,-1,354,42,56.5,148.2,0.999
521,-1,786,147,57.6,163.4,0.999
521,-1,468,128,61.7,181,0.999
521,-1,749,90,55.3,159.7,0.999
521,-1,397,25,51.7,164.8,0.999
521,-1,996,-30,54,145.5,0.998
521,-1,1712,310,90.1,219.5,0.998
521,-1,363,108,46.4,181.3,0.998
521,-1,302,49,48.9,162.9,0.998
521,-1,1036,733,79.6,228.7,0.998
521,-1,1868,209,62.7,188.2,0.996
521,-1,513,105,64.7,174.3,0.996
521,-1,256,75,58.6,173.2,0.995
521,-1,932,-45,53.2,160.2,0.992
521,-1,578,67,39,153.4,0.986
521,-1,550,-43,40.7,133,0.986
521,-1,100,297,58,212,0.985
521,-1,345,162,49.5,171.4,0.985
521,-1,887,-40,48.3,161.5,0.896
521,-1,1038,924,79.2,266.8,0.629
541,-1,781,601,83.2,245.6,1
541,-1,384,210,65.2,193.8,1
541,-1,459,118,66.2,168.5,1
541,-1,174,306,65,193.4,1
541,-1,985,761,108.3,238.4,1
541,-1,1652,-0,62.7,167.7,1
541,-1,1211,31,63.4,92.9,1
541,-1,198,807,108.9,294.6,1
541,-1,452,-10,59.9,170.7,1
541,-1,1680,296,76.6,195.3,1
541,-1,1717,460,80.3,201.5,1
541,-1,284,116,58.4,169,1
541,-1,1778,227,69.1,167.8,1
541,-1,223,136,55.4,163.4,1
541,-1,1491,1,59.1,138.3,1
541,-1,1062,761,88.6,238.4,0.999
541,-1,1595,-10,49.5,175.7,0.999
541,-1,990,-38,53.4,143.3,0.999
541,-1,634,757,84.6,254.1,0.999
541,-1,1589,592,70.8,229.5,0.999
541,-1,880,-45,50.2,157.5,0.998
541,-1,356,115,57.6,187.4,0.998
541,-1,527,100,59.9,171.5,0.998
541,-1,758,90,42.3,134.7,0.998
541,-1,781,142,58.5,181,0.997
541,-1,137,286,52.9,203.1,0.995
541,-1,409,37,49.2,158.6,0.994
541,-1,1583,273,56.4,197.2,0.993
541,-1,926,-57,60.8,158.3,0.992
541,-1,261,91,48.7,154,0.989
541,-1,295,36,53,165.4,0.988
541,-1,1826,668,76.6,239.9,0.982
541,-1,597,70,37.8,143.9,0.98
541,-1,551,-44,45,135.8,0.971
561,-1,1723,453,72.6,211.2,1
561,-1,310,44,53.6,156.3,1
561,-1,537,113,54,172.6,1
561,-1,285,99,47,171.9,1
561,-1,760,83,45.4,155.5,1
561,-1,807,71,53.3,167.9,1
561,-1,212,120,57.9,168.8,1
561,-1,786,137,68.5,181.3,1
561,-1,1667,273,70.6,203.9,1
561,-1,1484,4,58.6,150.8,1
561,-1,363,102,49.4,182.1,1
561,-1,1662,-6,53.9,158.1,1
561,-1,378,226,64.8,193.3,1
561,-1,465,88,66.8,181.6,1
561,-1,196,300,62.2,170.7,1
561,-1,741,605,81.8,234.4,1
561,-1,1212,28,64.2,97.9,1
561,-1,618,72,49.4,139.8,0.999
561,-1,633,756,85.4,258,0.999
561,-1,139,274,57,199.6,0.999
561,-1,1005,792,124.4,248.1,0.999
561,-1,1816,239,72.9,175.2,0.999
561,-1,874,-45,51.7,154.9,0.999
561,-1,1097,805,98.6,243.1,0.999
561,-1,453,-24,62.2,179.3,0.997
561,-1,254,822,95.6,295.2,0.997
561,-1,986,-49,48.4,141.6,0.996
561,-1,1593,587,71.7,244.4,0.996
561,-1,414,58,49.3,161.2,0.991
561,-1,1568,249,55.1,188.6,0.987
561,-1,429,136,51,151.6,0.986
561,-1,1578,-33,54.2,176.6,0.984
561,-1,549,-47,46,143,0.942
561,-1,928,-62,49.5,148.8,0.92
581,-1,1568,597,98.8,227.4,1
581,-1,359,104,49,174.1,1
581,-1,215,141,43.4,158.3,1
581,-1,557,112,53,172.8,1
581,-1,1647,256,74.7,185.4,1
581,-1,621,62,40.5,151.2,1
581,-1,276,90,57.4,139.9,1
581,-1,802,144,60.7,170.7,1
581,-1,1488,5,52.2,142.9,1
581,-1,1841,266,71.4,180.8,1
581,-1,1716,454,79.5,204,1
581,-1,156,255,58,215.8,1
581,-1,379,245,54.6,193,1
581,-1,1212,31,63.5,95.5,1
581,-1,218,276,60.1,188.3,1
581,-1,1140,845,81.8,238,0.999
581,-1,298,26,58.5,152.1,0.999
581,-1,756,85,40.8,142.1,0.999
581,-1,1561,238,56.9,186.9,0.999
581,-1,1049,829,124.8,272.8,0.999
581,-1,703,562,83.7,253.9,0.999
581,-1,642,761,65.1,248.5,0.999
581,-1,429,56,46.8,176.3,0.999
581,-1,1647,-23,51.6,151.7,0.998
581,-1,480,74,55.3,173.1,0.998
581,-1,822,59,56.6,173.3,0.996
581,-1,876,-47,46.8,144.3,0.993
581,-1,287,880,103.2,266.2,0.989
581,-1,1558,-38,58.9,160,0.988
581,-1,380,82,54.6,160.9,0.987
581,-1,552,-43,42.9,134.4,0.987
581,-1,460,122,41.8,151.5,0.987
581,-1,467,-44,65.7,178.7,0.867
581,-1,367,-59,51.1,149.3,0.787
581,-1,430,-54,52.1,140.8,0.678
581,-1,976,-62,50.5,144.8,0.535
601,-1,367,276,66.3,207.1,1
601,-1,214,138,56.8,163.3,1
601,-1,280,85,50.5,163.1,1
601,-1,1569,593,100.3,228.2,1
601,-1,1654,226,65.1,189,1
601,-1,1560,210,57.6,186.5,1
601,-1,797,149,61.5,173.9,1
601,-1,436,73,41.2,163.8,1
601,-1,1477,7,55.3,144.3,1
601,-1,172,246,59.5,205.4,1
601,-1,1707,456,85.4,209.2,1
601,-1,237,264,62.5,184.6,1
601,-1,1211,30,63.5,93.5,1
601,-1,632,748,90.2,267.5,0.999
601,-1,639,558,80.2,258.2,0.999
601,-1,350,95,53.6,179.5,0.999
601,-1,754,83,45.9,155.8,0.999
601,-1,292,12,54.1,151.1,0.999
601,-1,1623,-36,56.8,150.1,0.998
601,-1,625,70,34.8,145.7,0.998
601,-1,481,93,45.7,167.8,0.997
601,-1,386,83,53.7,160.7,0.995
601,-1,796,51,55.7,171.8,0.994
601,-1,479,46,71.6,187.9,0.994
601,-1,556,115,53.1,170.2,0.993
601,-1,1082,875,108.3,254.1,0.991
601,-1,365,-56,52.7,148.8,0.984
601,-1,551,-44,44.4,133.5,0.981
601,-1,1169,886,95.1,241.9,0.98
601,-1,428,-43,57,152.2,0.976
601,-1,871,-60,52.6,148.7,0.944
601,-1,1533,-69,50.6,173,0.814
601,-1,475,-53,64,163.4,0.792
601,-1,310,909,110.2,298.6,0.782
601,-1,1882,263,56.7,210.5,0.524
621,-1,638,750,71.1,260.7,1
621,-1,564,538,75.5,246.7,1
621,-1,797,152,62.3,162,1
621,-1,208,109,52.2,174,1
621,-1,283,132,54.5,162.5,1
621,-1,176,234,69.4,211.3,1
621,-1,1216,13,67.4,108.8,1
621,-1,360,103,54,174.6,1
621,-1,1570,599,97.9,227.5,1
621,-1,353,295,67.1,194.3,1
621,-1,450,81,46.4,168.8,1
621,-1,246,252,63.7,192.6,1
621,-1,1485,11,51,141.8,1
621,-1,1713,444,91.5,216.6,1
621,-1,255,91,61.1,176.2,1
621,-1,1617,211,89.2,188.6,1
621,-1,772,51,53.3,163.7,0.999
621,-1,623,64,37.5,141.4,0.999
621,-1,553,112,58.6,173.2,0.999
621,-1,277,2,50.9,153.3,0.998
621,-1,407,95,49.4,160.8,0.998
621,-1,350,-27,48.1,143.7,0.997
621,-1,1541,201,51.6,176.2,0.994
621,-1,231,135,55,163.7,0.994
621,-1,487,25,62,180.1,0.993
621,-1,413,-30,66.3,153.7,0.99
621,-1,1599,-56,49.9,153.2,0.98
621,-1,552,-43,47.9,134.7,0.961
621,-1,750,80,38.7,149.2,0.925
621,-1,1107,915,106.3,251.2,0.851
621,-1,1180,915,92.9,280.5,0.653
621,-1,436,-28,90.1,139.7,0.555
621,-1,1517,-76,50,163.9,0.414
641,-1,628,66,39.5,145.6,1
641,-1,639,752,71.9,253.5,1
641,-1,261,84,62.9,188.1,1
641,-1,345,315,63,211.5,1
641,-1,492,538,77.9,237.2,1
641,-1,266,245,56.2,185.5,1
641,-1,424,115,57.8,154.5,1
641,-1,358,105,54.5,171.2,1
641,-1,802,143,64.7,177.2,1
641,-1,276,-2,53.6,152.1,1
641,-1,211,225,60.4,198.2,1
641,-1,1618,193,68.7,190.3,1
641,-1,211,113,46.4,177.4,1
641,-1,1572,591,96.2,236.7,1
641,-1,1485,10,52.5,139.5,1
641,-1,1711,448,95.9,218.5,1
641,-1,419,-11,61.4,157.3,1
641,-1,555,121,53.5,167.9,0.999
641,-1,470,21,58.2,171.3,0.999
641,-1,465,104,44.2,161.4,0.999
641,-1,755,70,44.3,156.2,0.999
641,-1,1508,177,61.8,180.6,0.998
641,-1,364,-16,52,141.6,0.997
641,-1,236,144,44.5,149.9,0.994
641,-1,334,-29,49.4,138,0.993
641,-1,553,-42,42.6,131.4,0.981
641,-1,1202,15,74.4,109,0.961
641,-1,931,928,67,252.2,0.454
661,-1,633,762,82.1,245.8,1
661,-1,292,-12,55.6,144.7,1
661,-1,1215,1,66.5,125,1
661,-1,267,92,58.5,167.5,1
661,-1,444,530,71.2,246.1,1
661,-1,359,115,51.7,161.3,1
661,-1,1618,167,71.6,191,1
661,-1,1573,596,96.8,228.4,1
661,-1,325,334,65.5,212.1,1
661,-1,803,142,65.9,178.1,1
661,-1,410,-9,52,155.4,1
661,-1,1713,452,90.6,209.2,1
661,-1,213,110,45.6,182,1
661,-1,280,231,58.5,179.7,1
661,-1,1479,2,60.3,145.5,1
661,-1,1497,169,57.4,174.1,0.999
661,-1,344,-2,59.4,154.8,0.999
661,-1,295,121,49.6,173.2,0.999
661,-1,465,-7,59.2,182.6,0.999
661,-1,471,106,53,180.3,0.999
661,-1,423,119,59.4,162.9,0.999
661,-1,749,71,53.3,160.5,0.999
661,-1,224,218,55.4,187.3,0.999
661,-1,555,109,58.4,176,0.997
661,-1,630,68,36.6,144.7,0.985
661,-1,550,-43,49.4,135.3,0.961
661,-1,1428,907,98.5,244.6,0.958
661,-1,1349,920,85.7,247.6,0.911
661,-1,1146,-53,66.5,167.4,0.509
661,-1,872,923,72.4,258.3,0.499
681,-1,238,211,58.4,197.5,1
681,-1,744,89,44.3,143.6,1
681,-1,805,141,58.7,182.8,1
681,-1,223,121,50.3,173.6,1
681,-1,1617,150,74.2,191,1
681,-1,380,544,101.9,230.7,1
681,-1,316,352,71.3,210.5,1
681,-1,356,113,48,162,1
681,-1,1487,3,58.1,155.6,1
681,-1,489,135,47.6,166.1,1
681,-1,408,140,80.8,165.6,1
681,-1,1571,594,101.1,235.4,1
681,-1,1273,871,93,246.6,1
681,-1,1489,156,57,180.9,1
681,-1,257,92,55.7,184.8,1
681,-1,290,217,57.3,192.8,1
681,-1,1706,459,91.5,205,1
681,-1,414,2,49.2,159.2,1
681,-1,628,64,43.8,148.4,0.999
681,-1,348,11,56.4,163.5,0.999
681,-1,1373,843,89,269.5,0.999
681,-1,629,759,94.8,256.2,0.999
681,-1,1212,11,68.5,120.8,0.998
681,-1,463,-21,64.2,147.6,0.998
681,-1,295,131,43.5,154.9,0.998
681,-1,561,124,47.5,159.9,0.996
681,-1,294,-18,61,150.4,0.982
681,-1,549,-43,47.6,134.6,0.946
681,-1,838,926,75.7,250.9,0.482
701,-1,1478,140,52,167.4,1
701,-1,211,100,44,184.7,1
701,-1,376,541,77.6,241.9,1
701,-1,411,9,52.4,154.4,1
701,-1,1599,141,71.6,184.8,1
701,-1,294,383,72.5,213.7,1
701,-1,800,132,55.4,187.3,1
701,-1,1480,3,58.3,140.4,1
701,-1,1307,801,99.7,265.5,1
701,-1,1575,595,92.1,221.1,1
701,-1,257,90,61,179.3,1
701,-1,309,212,51.4,184,1
701,-1,1712,454,96.4,210.2,1
701,-1,255,193,56.4,203.8,1
701,-1,256,-19,51.7,142.2,1
701,-1,625,63,44.4,148.4,0.999
701,-1,633,757,85.9,251.8,0.999
701,-1,353,99,50.1,173.6,0.999
701,-1,559,110,54.4,174.9,0.999
701,-1,751,80,49.5,151.5,0.999
701,-1,411,158,72.6,157.2,0.999
701,-1,228,134,52.8,160.9,0.999
701,-1,325,-21,50.6,146,0.999
701,-1,1223,823,91.4,264.1,0.998
701,-1,484,139,46,183.2,0.998
701,-1,1218,21,62.4,109.6,0.998
701,-1,474,17,47.2,152.8,0.998
701,-1,359,26,54.5,150.2,0.994
701,-1,553,-41,44.3,129.5,0.973
701,-1,290,116,53.3,171.7,0.865
701,-1,458,-44,59.8,154.4,0.704
701,-1,830,935,82.8,239.9,0.409
721,-1,1574,590,100.8,234.4,1
721,-1,1604,128,57,172.2,1
721,-1,215,106,50.4,180.9,1
721,-1,783,142,53.7,163.5,1
721,-1,1477,5,56.1,140.4,1
721,-1,358,111,48.6,173.9,1
721,-1,548,105,59.1,187.6,1
721,-1,1472,116,52.3,174.7,1
721,-1,260,191,59.3,197.9,1
721,-1,1709,451,94.4,220.7,1
721,-1,426,31,45.7,152.8,1
721,-1,1213,20,65,107.7,1
721,-1,301,411,74,215.8,1
721,-1,393,556,96.7,235.6,1
721,-1,1258,741,94.2,290.5,0.999
721,-1,633,752,84.1,258.8,0.999
721,-1,1170,771,84.2,265.8,0.999
721,-1,284,120,50.6,170.8,0.999
721,-1,749,55,53.1,171.9,0.999
721,-1,415,177,66.5,155.6,0.999
721,-1,313,204,53.4,173.4,0.999
721,-1,363,41,49.3,143.7,0.999
721,-1,478,153,51.5,188.6,0.999
721,-1,325,-20,49.8,149.8,0.999
721,-1,628,66,41.6,140,0.998
721,-1,469,7,42.8,157.3,0.998
721,-1,252,89,64.9,168.8,0.998
721,-1,259,-25,51.6,152.2,0.997
721,-1,551,-45,49,134,0.905
721,-1,852,930,85.5,250.9,0.539
741,-1,446,41,46.4,152.9,1
741,-1,1215,714,86.6,258.2,1
741,-1,1136,739,80.8,243.1,1
741,-1,1492,11,56.9,131.9,1
741,-1,778,137,61,177.4,1
741,-1,444,551,84.7,274.7,1
741,-1,1213,22,69.7,101.8,1
741,-1,391,193,79.8,156.9,1
741,-1,1593,101,63.5,176.1,1
741,-1,209,105,44.8,187.3,1
741,-1,257,179,66.6,199.4,1
741,-1,1714,458,91.1,201.4,1
741,-1,298,439,71.9,216,1
741,-1,1572,590,111,237.1,1
741,-1,331,190,57.7,173.1,1
741,-1,474,173,51.5,184.8,1
741,-1,1463,106,52.1,164.6,1
741,-1,547,120,61.4,170.8,1
741,-1,642,743,74.8,252.9,0.999
741,-1,458,-6,55.1,153.7,0.999
741,-1,262,-18,41,139.3,0.999
741,-1,747,75,52,155.5,0.999
741,-1,254,84,58.3,172.5,0.999
741,-1,388,51,51.6,171.4,0.998
741,-1,314,-21,43.2,147.5,0.998
741,-1,626,64,42.6,145.3,0.998
741,-1,295,125,46.6,162.4,0.998
741,-1,354,89,48.4,175.3,0.996
741,-1,237,136,45.4,162.4,0.992
741,-1,550,-43,53.5,130.3,0.936
761,-1,293,460,86.3,241.5,1
761,-1,209,101,50.6,176.7,1
761,-1,547,123,61.9,171.7,1
761,-1,462,190,47.3,193.5,1
761,-1,333,184,52.1,187.1,1
761,-1,259,87,54.7,191.1,1
761,-1,1086,685,82.6,253.5,1
761,-1,1459,84,53.9,165.6,1
761,-1,1570,592,103.5,231.3,1
761,-1,404,206,65,167.1,1
761,-1,1724,459,77.7,198.9,1
761,-1,512,571,74.5,241.2,1
761,-1,404,65,50,168.5,1
761,-1,1155,677,93,250.8,1
761,-1,458,49,50.1,162,1
761,-1,255,-19,48.3,139.5,1
761,-1,1584,96,63.7,168.3,1
761,-1,262,180,67.4,201.7,0.999
761,-1,639,759,66.6,249.4,0.999
761,-1,352,98,57.4,178,0.999
761,-1,751,63,51.7,158.7,0.999
761,-1,1213,15,69.8,111.7,0.999
761,-1,233,130,48.4,169.5,0.999
761,-1,1502,10,57.6,150.5,0.999
761,-1,294,90,59.1,160.8,0.998
761,-1,627,63,44.6,148.4,0.998
761,-1,783,138,54.1,171.3,0.997
761,-1,309,-26,48.7,158.5,0.994
761,-1,552,-47,54.3,129.7,0.899
761,-1,463,-19,42.5,134.5,0.826
781,-1,1726,453,71.6,215,1
781,-1,472,61,55.3,180.5,1
781,-1,295,501,71.8,230.5,1
781,-1,1566,576,110,255.8,1
781,-1,562,573,83,254.4,1
781,-1,262,99,51.4,176.2,1
781,-1,215,102,48.9,183.6,1
781,-1,355,97,51.2,176.2,1
781,-1,451,214,47.3,181.3,1
781,-1,1044,651,77.3,250.4,1
781,-1,423,81,55.8,170.4,1
781,-1,383,227,72.7,168.7,1
781,-1,1446,69,53.9,169.8,1
781,-1,1487,18,52.7,141.4,1
781,-1,546,123,61.5,169.4,1
781,-1,1567,76,58.9,169.2,1
781,-1,314,-22,46.8,154.5,1
781,-1,330,189,56.2,173.1,0.999
781,-1,635,757,70.7,255.3,0.999
781,-1,1116,635,80.6,248.5,0.999
781,-1,258,-21,50.9,136.1,0.999
781,-1,1212,21,69.3,107.8,0.999
781,-1,283,176,55.3,179,0.999
781,-1,1570,-30,61.1,133.9,0.998
781,-1,236,132,51.4,172.1,0.998
781,-1,786,130,57,178.9,0.998
781,-1,628,67,41.1,139.9,0.998
781,-1,735,45,61.4,172.4,0.997
781,-1,299,83,55.7,166.9,0.995
781,-1,552,-47,51.4,132.9,0.949
781,-1,454,-39,44.4,140.4,0.825
801,-1,284,172,52.9,188,1
801,-1,358,112,47.5,169.5,1
801,-1,210,107,53.8,178.1,1
801,-1,346,183,53.7,181.3,1
801,-1,282,521,75,229.9,1
801,-1,255,-16,49.7,141.9,1
801,-1,1479,28,56.9,151.6,1
801,-1,1072,591,84.1,249.1,1
801,-1,1577,596,102.2,229,1
801,-1,254,92,62.8,173.2,1
801,-1,425,97,54.2,173.4,1
801,-1,555,117,56.6,171.8,1
801,-1,484,93,55.2,162.9,1
801,-1,1438,51,52.3,161.6,1
801,-1,1721,454,79.1,212.8,1
801,-1,746,66,56.9,162.2,0.999
801,-1,784,133,53,173.7,0.999
801,-1,1219,22,60.7,105.6,0.999
801,-1,635,752,76,256.2,0.999
801,-1,617,563,77.8,257.5,0.999
801,-1,382,241,72.7,179.4,0.999
801,-1,1010,609,73.1,260.8,0.999
801,-1,315,-23,47,149,0.998
801,-1,441,225,54.6,194.7,0.998
801,-1,629,69,41,138.4,0.998
801,-1,1552,52,58.1,170.4,0.997
801,-1,320,77,45.7,165,0.996
801,-1,1525,-44,47.7,143.7,0.993
801,-1,1612,-17,48.5,144.8,0.992
801,-1,443,-54,41.8,139.3,0.942
801,-1,550,-48,52.1,131.8,0.933
821,-1,1432,45,47.8,150.5,1
821,-1,1714,451,78.9,215.3,1
821,-1,275,554,83.5,233.5,1
821,-1,216,112,51.6,179.6,1
821,-1,1049,556,74.3,238.4,1
821,-1,795,133,64,179.6,1
821,-1,257,91,55.3,175.7,1
821,-1,425,111,60,180.9,1
821,-1,370,264,79.7,170.7,1
821,-1,1571,590,101.6,235.4,1
821,-1,473,107,63.5,189.3,1
821,-1,968,575,70.1,232.8,1
821,-1,1475,39,57.5,155.6,1
821,-1,363,111,48.1,168.2,1
821,-1,634,752,77.2,256.7,0.999
821,-1,745,42,52.9,169.5,0.999
821,-1,438,250,60.3,200.4,0.999
821,-1,1539,48,66.5,165.3,0.999
821,-1,285,155,61.8,203.4,0.999
821,-1,1633,-6,53.9,163.7,0.999
821,-1,1218,12,62.3,119.7,0.999
821,-1,552,123,60.2,167.5,0.999
821,-1,652,567,85.2,252.3,0.998
821,-1,310,-22,53.3,147.4,0.998
821,-1,628,67,43.4,145.7,0.998
821,-1,351,177,46.3,164.2,0.996
821,-1,322,79,46.8,162.2,0.994
821,-1,258,-19,48.6,140.5,0.992
821,-1,549,-44,51.8,132.8,0.891
821,-1,340,83,50,196,0.829
821,-1,494,-60,48,144.4,0.79
821,-1,1532,-30,55.6,139.6,0.777
821,-1,293,49,57.9,192.6,0.405
821,-1,869,930,76.6,257.1,0.403
841,-1,1034,517,68.1,241.1,1
841,-1,212,100,46.9,188.2,1
841,-1,741,35,54.9,172.8,1
841,-1,1472,57,62,151.9,1
841,-1,473,121,54.3,168.9,1
841,-1,267,586,79.6,248.1,1
841,-1,417,138,51.3,164.2,1
841,-1,347,285,84.8,178.1,1
841,-1,1417,36,48.2,148.2,1
841,-1,1580,597,98.7,221.5,1
841,-1,439,272,55.8,199.4,1
841,-1,939,545,65.9,240.8,1
841,-1,1724,459,77.3,205.9,1
841,-1,793,139,75.4,174.5,1
841,-1,252,-17,55.8,139.7,1
841,-1,242,134,49.7,169.2,0.999
841,-1,293,164,73.2,198.9,0.999
841,-1,647,571,86.6,260.6,0.999
841,-1,273,100,56.2,176.2,0.999
841,-1,1216,10,62.5,116.6,0.999
841,-1,321,71,49,158.2,0.999
841,-1,554,122,55.7,174.1,0.999
841,-1,640,756,68.6,250,0.999
841,-1,1651,16,60.3,166.4,0.999
841,-1,358,109,47.1,159,0.999
841,-1,1560,-2,46.3,151.5,0.998
841,-1,629,67,42.7,141,0.998
841,-1,310,-20,52.7,146.8,0.997
841,-1,1070,-51,58.3,156,0.994
841,-1,346,172,47.4,174.7,0.97
841,-1,1520,25,56.5,160.4,0.968
841,-1,554,-47,48.7,135.6,0.888
841,-1,492,-48,50.2,157.3,0.776
841,-1,866,940,75.9,233,0.443
861,-1,221,100,47.8,184.2,1
861,-1,740,44,59.3,172.2,1
861,-1,342,302,77.9,187.3,1
861,-1,796,134,78,174,1
861,-1,476,141,60.1,186.4,1
861,-1,998,496,82.5,241.8,1
861,-1,425,293,62.3,202.6,1
861,-1,277,615,78.8,243.2,1
861,-1,1418,23,48.8,153.1,1
861,-1,1577,585,95.1,232,1
861,-1,911,514,72.3,228,1
861,-1,422,150,53.5,172.6,1
861,-1,1715,452,82,205.7,1
861,-1,311,-22,47.1,153.5,0.999
861,-1,638,752,69.8,250.9,0.999
861,-1,293,166,72.9,200.2,0.999
861,-1,648,574,84.7,251.5,0.999
861,-1,1215,14,61.3,113.9,0.999
861,-1,555,122,56.6,168.3,0.999
861,-1,1082,-30,52.7,158,0.999
861,-1,252,-20,52.8,144.5,0.999
861,-1,1575,13,48.5,144.8,0.999
861,-1,355,90,55.4,183.4,0.998
861,-1,237,136,57.9,166.4,0.998
861,-1,629,70,40.1,138.1,0.998
861,-1,1677,41,55.6,162.7,0.997
861,-1,1477,79,59.6,145.8,0.997
861,-1,1500,19,68,145.1,0.997
861,-1,306,77,51.9,164,0.996
861,-1,1813,687,88.8,232.7,0.987
861,-1,551,-44,46,131,0.975
861,-1,482,-49,50.6,167.8,0.974
861,-1,275,123,52.7,169.5,0.778
881,-1,899,476,65.6,235.5,1
881,-1,1427,11,50.8,152.8,1
881,-1,980,455,71.8,236.5,1
881,-1,802,143,68.7,169.6,1
881,-1,1495,8,55.1,148.6,1
881,-1,559,115,55.7,179,1
881,-1,313,-24,44.4,152.5,1
881,-1,289,122,50.2,164.4,1
881,-1,216,98,45.6,183,1
881,-1,427,307,58.2,209.2,1
881,-1,1719,453,77.3,207.5,1
881,-1,404,161,64.8,189.8,1
881,-1,331,331,81.2,180.8,1
881,-1,757,77,51.4,156.4,1
881,-1,471,163,57.3,170,1
881,-1,292,644,87.4,249.3,1
881,-1,1092,0,55.7,153.6,1
881,-1,1572,592,105.1,227.8,1
881,-1,258,-19,48.8,144.2,1
881,-1,649,575,84.4,250.7,0.999
881,-1,386,63,59.6,176,0.999
881,-1,1746,690,91.3,235.7,0.999
881,-1,306,168,63.7,190.4,0.999
881,-1,237,130,57.4,176.2,0.999
881,-1,1695,59,51.4,167.3,0.999
881,-1,638,759,68.2,245.6,0.999
881,-1,629,69,40,138.5,0.998
881,-1,1576,37,53.7,153.9,0.998
881,-1,315,90,44.6,150.5,0.998
881,-1,346,95,50.3,176.1,0.997
881,-1,1477,95,58.7,143.9,0.99
881,-1,1830,624,80.8,258.2,0.99
881,-1,1207,1,72.4,130.1,0.988
881,-1,472,-15,44.2,143.6,0.984
881,-1,552,-47,52.6,129.1,0.952
881,-1,733,26,64.6,189.5,0.913
901,-1,1504,-9,56.2,148,1
901,-1,878,446,65.5,214.7,1
901,-1,1214,5,65.4,123,1
901,-1,394,194,54.3,169.6,1
901,-1,419,329,59.7,211.1,1
901,-1,211,100,54.2,189.4,1
901,-1,1428,-5,56.5,156.1,1
901,-1,479,169,60.3,174.8,1
901,-1,331,352,88.1,192.2,1
901,-1,306,674,88.9,251.3,1
901,-1,795,145,72.3,164.6,1
901,-1,415,58,61.4,177,1
901,-1,239,136,58.3,168.7,1
901,-1,1108,17,56.3,167.5,1
901,-1,1723,456,71.7,211.1,1
901,-1,1575,594,109.9,238.1,1
901,-1,1593,55,56.8,155.9,1
901,-1,968,425,71.9,227,1
901,-1,739,43,61.5,164.7,0.999
901,-1,291,132,46.9,160.3,0.999
901,-1,639,761,75.2,243.7,0.999
901,-1,365,111,53.9,177.3,0.999
901,-1,652,581,81.6,240.2,0.999
901,-1,1710,73,56.3,171.6,0.999
901,-1,304,166,67,185.1,0.999
901,-1,557,121,59.2,166.1,0.999
901,-1,629,72,39.3,130.8,0.998
901,-1,1750,675,86,245.8,0.998
901,-1,1486,99,54.6,155.8,0.998
901,-1,471,-1,49.9,153.8,0.997
901,-1,315,-23,42.7,152,0.996
901,-1,339,81,50.8,165.6,0.995
901,-1,254,-19,45.6,135.8,0.991
901,-1,351,177,46,159.6,0.986
901,-1,1327,901,93.6,247.8,0.979
901,-1,1816,633,70.4,242.1,0.969
901,-1,552,-43,50.2,124.4,0.954
901,-1,414,-41,58.4,140.3,0.902
921,-1,945,390,71.2,225.3,1
921,-1,1724,463,77.5,199.5,1
921,-1,366,100,50,176.1,1
921,-1,1282,831,113.4,273.2,1
921,-1,324,377,82.5,181.9,1
921,-1,464,191,69.1,207.1,1
921,-1,750,71,54.1,156.3,1
921,-1,1127,38,52.1,157.8,1
921,-1,1569,589,103.3,228,1
921,-1,865,410,64.2,212.1,1
921,-1,426,70,57.5,170.3,1
921,-1,1616,76,51.6,164.9,1
921,-1,797,140,73.3,174.6,1
921,-1,310,712,76.1,245.3,1
921,-1,256,-16,49.8,136.4,1
921,-1,638,754,69.6,246.9,0.999
921,-1,287,124,57.1,159.1,0.999
921,-1,1747,676,86,247.7,0.999
921,-1,411,363,52.5,209.4,0.999
921,-1,205,107,61.2,188.6,0.999
921,-1,467,11,49.9,157.3,0.999
921,-1,647,585,77.5,248.4,0.999
921,-1,560,123,55.2,168,0.999
921,-1,1218,17,64.6,114.3,0.999
921,-1,370,205,60,182.4,0.999
921,-1,301,172,65.1,189.1,0.998
921,-1,1433,-15,47.3,145,0.998
921,-1,244,136,51.2,161.4,0.998
921,-1,628,70,40.7,141.7,0.998
921,-1,328,73,53.8,165.7,0.998
921,-1,1478,105,58.3,173.9,0.997
921,-1,1725,100,52.1,167.6,0.996
921,-1,312,-18,46.9,143.2,0.994
921,-1,1494,-16,59.8,144.5,0.992
921,-1,410,-28,72.5,140.8,0.989
921,-1,1822,616,69,252.5,0.978
921,-1,341,178,53.3,163.9,0.957
921,-1,551,-45,50.7,127.5,0.888
921,-1,258,90,55.8,161.3,0.866
921,-1,387,-54,45.8,140.1,0.555
941,-1,1744,676,91.2,247,1
941,-1,1722,459,78,208,1
941,-1,287,123,55.1,175.2,1
941,-1,1129,76,65,150.3,1
941,-1,368,107,47.7,160.1,1
941,-1,553,115,58.5,174.1,1
941,-1,259,-18,48,142.9,1
941,-1,321,737,85.3,264.7,1
941,-1,861,392,62.7,201.8,1
941,-1,356,231,56.2,181.2,1
941,-1,335,76,50.1,165.1,1
941,-1,1479,124,65.2,169.4,1
941,-1,1621,92,58.5,171.1,1
941,-1,1575,592,105.8,236.8,1
941,-1,239,134,49,161.3,1
941,-1,1258,786,93.6,277.4,1
941,-1,946,367,61.1,217.5,1
941,-1,430,77,58.9,166.4,1
941,-1,324,389,80.7,192.9,1
941,-1,798,137,74.2,179.8,1
941,-1,419,-17,57.4,138.4,1
941,-1,1489,-30,58.3,146.9,0.999
941,-1,750,73,51.5,163.2,0.999
941,-1,440,227,63.6,186.9,0.999
941,-1,390,384,64,210.4,0.999
941,-1,647,595,78.4,239.3,0.999
941,-1,1209,14,64.7,113.2,0.999
941,-1,643,761,65.3,244.1,0.999
941,-1,634,68,37.3,133.5,0.998
941,-1,210,114,52.7,177.3,0.998
941,-1,318,-21,42.3,149.9,0.998
941,-1,480,38,49.7,156.7,0.998
941,-1,1738,129,58.7,174.3,0.998
941,-1,476,207,64.4,181,0.995
941,-1,386,-34,50,140.9,0.993
941,-1,550,-47,59.7,129.3,0.982
941,-1,1806,624,71.1,240,0.973
941,-1,303,172,66,180.6,0.972
941,-1,1422,-29,41,153.7,0.968
941,-1,256,82,64.4,168,0.92
941,-1,912,944,84.9,235.4,0.427
961,-1,931,345,71.8,211.1,1
961,-1,335,792,79.1,255.2,1
961,-1,223,131,48.4,158.6,1
961,-1,846,355,74.9,204.5,1
961,-1,549,115,57.4,176.5,1
961,-1,757,68,55.4,155.7,1
961,-1,1739,685,96,233.8,1
961,-1,1638,112,60.6,161.3,1
961,-1,1160,80,56.3,176.8,1
961,-1,420,243,65.5,196,1
961,-1,491,227,57.7,178.1,1
961,-1,1226,743,88.8,257.2,1
961,-1,1568,595,105.4,232.4,1
961,-1,314,420,75.2,202.4,1
961,-1,294,127,47.7,160.6,1
961,-1,340,236,57.1,198.8,1
961,-1,1717,458,76.8,212.5,1
961,-1,794,141,73.2,170.4,1
961,-1,633,757,85.4,255.5,0.999
961,-1,1764,155,67.2,169.3,0.999
961,-1,318,-19,38.2,147.6,0.999
961,-1,262,87,64.6,175.7,0.999
961,-1,1221,21,61.6,113.2,0.999
961,-1,670,577,82.9,245.8,0.999
961,-1,1467,-46,55.9,144.6,0.999
961,-1,363,99,55.1,181,0.999
961,-1,390,411,65.9,209.9,0.999
961,-1,338,89,51.7,159,0.998
961,-1,1407,-45,43.6,151.5,0.998
961,-1,627,65,41.8,146.4,0.998
961,-1,432,0,61.5,139.4,0.997
961,-1,385,-26,50.4,141,0.997
961,-1,443,74,55.3,173.1,0.997
961,-1,1468,148,64.7,157.5,0.997
961,-1,325,163,57.7,186.6,0.996
961,-1,479,54,48.3,163.4,0.992
961,-1,1809,608,80.5,256.2,0.988
961,-1,239,-20,49.9,138.9,0.937
961,-1,556,-50,49.1,138.1,0.914
961,-1,919,928,83.6,262.7,0.649
981,-1,1579,600,96.8,221.9,1
981,-1,306,442,91.7,216.1,1
981,-1,1663,134,56.8,171.1,1
981,-1,323,254,63.6,204.2,1
981,-1,840,320,67.1,205.6,1
981,-1,550,126,50.4,158.8,1
981,-1,921,307,66.5,222.1,1
981,-1,201,-6,47.2,131.2,1
981,-1,1469,163,66.5,160.8,1
981,-1,211,103,51.4,179,1
981,-1,291,124,50.5,175,1
981,-1,753,74,56,154.9,1
981,-1,1185,110,55.9,162.9,1
981,-1,1198,680,82.7,272.2,1
981,-1,1778,167,68.5,177.8,1
981,-1,327,825,111.2,265.5,1
981,-1,494,242,66.6,190.3,1
981,-1,390,431,63.1,219.1,1
981,-1,1716,456,74.8,211,1
981,-1,408,262,68.8,182.2,1
981,-1,795,140,71.9,171.5,1
981,-1,346,72,50.9,170.4,0.999
981,-1,633,752,84.5,257.5,0.999
981,-1,1740,680,98.6,250.1,0.999
981,-1,438,10,55.6,148.8,0.999
981,-1,646,558,80.7,246.4,0.999
981,-1,450,59,58.3,178.9,0.999
981,-1,258,86,64.5,177.9,0.998
981,-1,629,65,42.1,144.6,0.998
981,-1,360,170,71.6,185,0.998
981,-1,382,-25,53.4,154.5,0.994
981,-1,1814,610,71.8,255.3,0.993
981,-1,1216,30,60.8,110.8,0.99
981,-1,1455,-46,58.2,134.8,0.972
981,-1,488,66,49.7,148.9,0.971
981,-1,316,-24,41.8,157.1,0.96
981,-1,554,-49,51.2,135.4,0.738
981,-1,1390,-50,48.1,144.6,0.582
981,-1,913,933,72.7,256.3,0.579
981,-1,730,34,54.8,167.1,0.431
1001,-1,850,290,61.6,206.3,1
1001,-1,377,-12,53.2,151.8,1
1001,-1,1722,454,79.2,215.3,1
1001,-1,1477,185,62.1,150.7,1
1001,-1,297,469,95.6,214.9,1
1001,-1,756,81,51.7,158.9,1
1001,-1,384,457,63.1,224.6,1
1001,-1,1170,629,95.7,270.9,1
1001,-1,1677,169,58.9,165.2,1
1001,-1,390,276,77,200.7,1
1001,-1,801,141,66,161.8,1
1001,-1,346,78,52,164.6,1
1001,-1,925,292,67.2,204.3,1
1001,-1,502,269,66.1,190.5,1
1001,-1,1570,590,112.2,228.7,1
1001,-1,1740,679,92.2,245.7,1
1001,-1,307,280,67,189.9,1
1001,-1,294,123,53.8,175.4,1
1001,-1,202,100,52.5,191.7,0.999
1001,-1,460,26,57.3,165.6,0.999
1001,-1,1219,29,61.1,123.8,0.999
1001,-1,1206,145,68.8,167.1,0.999
1001,-1,544,122,56.9,176.8,0.999
1001,-1,643,760,61.7,242.5,0.999
1001,-1,234,130,52.6,169.3,0.999
1001,-1,266,91,60.8,170.8,0.999
1001,-1,735,40,55,167.2,0.999
1001,-1,587,550,101,243.4,0.998
1001,-1,630,71,38.7,134.9,0.998
1001,-1,1808,190,63.5,192.9,0.998
1001,-1,438,68,57.3,172.8,0.997
1001,-1,508,84,56.7,157.5,0.997
1001,-1,312,-19,41.2,153.2,0.993
1001,-1,337,878,94,252.3,0.987
1001,-1,367,182,57.4,151.3,0.987
1001,-1,408,-15,84.7,135.2,0.986
1001,-1,387,114,53.8,159.3,0.985
1001,-1,1803,639,73.2,249.4,0.972
1001,-1,414,175,60.2,171.1,0.912
1001,-1,551,-48,60.3,129.8,0.905
1021,-1,388,7,53.3,156,1
1021,-1,796,143,72.3,176.2,1
1021,-1,633,762,80.7,246.4,1
1021,-1,585,542,75.4,244.6,1
1021,-1,1715,451,80.1,217.5,1
1021,-1,1700,190,53.7,164.7,1
1021,-1,236,137,47.3,164,1
1021,-1,1827,223,68.5,189.8,1
1021,-1,1145,600,89.2,257.1,1
1021,-1,304,300,54.5,189.6,1
1021,-1,1585,590,86.5,227.5,1
1021,-1,267,94,60.4,165.4,1
1021,-1,933,264,69.8,199.6,1
1021,-1,284,507,95.5,204.6,1
1021,-1,381,298,68.2,194.5,1
1021,-1,1467,186,62.3,169.2,1
1021,-1,491,298,69,186.8,1
1021,-1,382,482,68.4,229.7,1
1021,-1,836,276,68.7,197.1,1
1021,-1,442,-29,47.5,137.6,1
1021,-1,750,75,49.8,156.3,0.999
1021,-1,369,101,52.7,169.1,0.999
1021,-1,347,80,47.3,172.6,0.999
1021,-1,537,125,58.6,171.5,0.999
1021,-1,438,65,53.7,175.4,0.999
1021,-1,205,107,54.1,184.7,0.999
1021,-1,627,66,42,145.5,0.998
1021,-1,1242,158,61.5,178.5,0.997
1021,-1,500,105,54.9,166,0.996
1021,-1,1712,662,95.2,238.6,0.996
1021,-1,474,42,56.3,158.3,0.994
1021,-1,458,166,67.6,187.4,0.993
1021,-1,411,169,61.6,168.2,0.991
1021,-1,307,-24,44.3,149.9,0.96
1021,-1,729,30,56.7,176.1,0.943
1021,-1,1235,27,47.9,110.2,0.937
1021,-1,553,-48,51.6,133.4,0.771
1021,-1,363,913,94.1,279.8,0.47
1041,-1,371,104,53.7,175.5,1
1041,-1,381,503,59.1,238.5,1
1041,-1,640,762,63.3,252.5,1
1041,-1,290,123,53.1,170.1,1
1041,-1,844,245,63.7,197.9,1
1041,-1,266,534,108.4,208.1,1
1041,-1,937,237,64.2,196.8,1
1041,-1,1570,590,106.6,236.2,1
1041,-1,265,89,62.2,175.2,1
1041,-1,447,-36,51.7,150.3,1
1041,-1,1715,211,52.5,172.1,1
1041,-1,299,330,70.3,192.8,1
1041,-1,800,139,68.3,174.2,1
1041,-1,394,16,59.5,170.5,1
1041,-1,1119,569,94.1,249.2,1
1041,-1,367,323,66.5,193.3,1
1041,-1,1724,458,79.6,210,1
1041,-1,738,43,53.2,169.5,0.999
1041,-1,549,127,49.4,157.3,0.999
1041,-1,1860,255,69,192.4,0.999
1041,-1,580,540,74,249.5,0.999
1041,-1,350,81,39.3,153.6,0.999
1041,-1,206,104,54.3,194.9,0.999
1041,-1,480,321,76.3,196,0.999
1041,-1,627,66,42.8,145.4,0.998
1041,-1,1665,660,96.4,249.1,0.998
1041,-1,430,66,57.2,173.9,0.997
1041,-1,1483,219,61.1,154.7,0.996
1041,-1,1292,184,61,163,0.995
1041,-1,232,142,55.9,165,0.994
1041,-1,454,176,54.2,162.5,0.992
1041,-1,1212,17,65.5,109.7,0.989
1041,-1,454,14,54.9,168.5,0.988
1041,-1,555,-48,53.7,134.1,0.978
1041,-1,499,160,69.3,206.5,0.973
1041,-1,305,-24,44.9,156.7,0.941
1041,-1,497,71,55,174.7,0.921
1041,-1,472,122,57,153.2,0.796
1041,-1,882,930,75.6,255,0.579
1041,-1,764,-67,46.4,148.4,0.495
